80

58 
12 13 
45 0 
82 88 
1 17 
79 3 
75 19 
59 24 
94 16 
99 94 
38 91 
46 85 
1 58 
1 18 
49 38 
20 3 
27 28 
78 42 
18 8 
58 23 
9 53 
95 32 
24 88 
63 71 
35 29 
76 63 
16 1 
70 72 
23 39 
80 21 
39 84 
39 14 
87 60 
68 15 
3 55 
13 78 
65 98 
26 77 
83 21 
72 12 
24 58 
60 61 
1 20 
79 49 
13 52 
81 45 
46 28 
2 73 
18 86 
88 11 
85 70 
74 35 
75 20 
45 29 
68 40 
85 3 
61 85 
21 89 
32 83 


15 
87 40 
28 88 
12 75 
44 12 
6 69 
52 70 
88 22 
82 44 
35 56 
21 0 
57 23 
33 68 
88 82 
84 41 
56 16 


91 
38 68 
48 57 
75 92 
9 26 
75 57 
4 54 
76 35 
7 41 
8 36 
57 57 
5 89 
8 92 
1 1 
6 40 
85 10 
65 43 
82 61 
71 93 
46 9 
38 98 
72 24 
7 20 
71 85 
57 6 
86 30 
46 98 
81 81 
96 99 
35 65 
3 9 
73 99 
12 54 
42 95 
52 4 
71 35 
61 14 
20 12 
59 83 
12 19 
81 50 
45 29 
66 12 
47 97 
22 80 
62 60 
42 89 
26 40 
61 58 
9 78 
53 86 
98 85 
40 11 
16 94 
61 76 
56 12 
5 26 
11 45 
69 4 
38 99 
34 30 
51 89 
80 24 
83 74 
76 29 
65 76 
22 26 
19 1 
30 2 
97 28 
56 79 
77 85 
67 86 
22 66 
53 57 
13 37 
98 37 
23 88 
68 51 
30 55 
60 90 
85 20 
31 31 
19 96 
63 58 
72 2 
34 67 
92 93 
6 49 
74 70 
29 55 
25 77 


14 
12 92 
6 93 
71 12 
79 61 
11 28 
64 36 
41 92 
6 88 
39 52 
30 63 
56 93 
15 23 
43 70 
1 53 


22 
44 29 
33 58 
92 61 
17 53 
49 46 
21 45 
11 42 
85 67 
64 35 
81 59 
53 59 
73 64 
82 19 
76 10 
0 63 
49 12 
3 71 
50 70 
94 44 
24 18 
73 69 
27 74 


57 
85 97 
44 52 
49 62 
7 31 
57 57 
28 87 
7 5 
65 88 
88 52 
69 15 
34 29 
97 15 
25 94 
1 58 
3 13 
92 88 
2 29 
1 88 
54 19 
28 94 
91 19 
95 66 
1 40 
67 1 
64 74 
99 1 
49 67 
27 27 
97 49 
32 28 
83 45 
84 50 
79 47 
12 65 
99 5 
80 37 
59 99 
38 67 
2 27 
93 70 
52 35 
64 47 
14 4 
45 67 
5 53 
1 85 
12 33 
24 59 
34 9 
19 92 
41 71 
21 88 
39 80 
68 47 
37 34 
86 53 
97 27 


69 
97 60 
4 47 
20 45 
25 68 
86 58 
39 84 
53 75 
38 86 
59 91 
91 92 
76 34 
20 10 
39 14 
32 51 
78 52 
53 86 
35 19 
80 93 
23 35 
54 30 
47 53 
1 52 
21 33 
68 70 
67 95 
94 70 
92 14 
52 65 
21 97 
82 80 
11 97 
6 54 
96 21 
68 93 
99 15 
71 28 
24 95 
32 14 
19 6 
80 77 
9 26 
82 98 
88 34 
29 76 
65 1 
29 3 
39 6 
54 0 
98 67 
8 57 
98 86 
65 30 
63 19 
91 57 
94 23 
67 25 
52 94 
78 41 
46 5 
94 66 
90 97 
77 42 
32 12 
47 75 
6 68 
0 58 
37 48 
84 71 
95 85 


44 
80 84 
63 36 
88 91 
54 7 
9 57 
18 97 
48 90 
52 39 
7 7 
58 41 
2 10 
33 65 
52 31 
57 70 
43 34 
50 43 
16 57 
83 81 
27 19 
70 37 
46 97 
7 87 
19 59 
11 77 
21 96 
87 63 
8 7 
54 14 
14 51 
94 15 
18 60 
9 73 
96 74 
5 45 
60 75 
3 87 
97 49 
48 41 
92 75 
91 71 
44 66 
54 39 
59 66 
64 43 


49 
95 15 
55 71 
53 30 
41 8 
35 65 
79 47 
0 8 
47 54 
28 51 
20 53 
57 97 
18 16 
61 46 
54 42 
71 49 
65 63 
85 80 
92 81 
18 6 
39 32 
54 61 
62 15 
65 17 
4 93 
65 90 
57 39 
2 98 
27 27 
38 37 
0 21 
73 46 
52 49 
81 56 
26 40 
38 95 
15 15 
52 41 
87 80 
20 55 
67 0 
73 18 
81 73 
5 62 
93 21 
57 76 
45 46 
44 46 
48 74 
37 80 


41 
48 12 
4 39 
38 60 
41 31 
65 47 
24 68 
81 43 
50 66 
70 28 
71 2 
8 84 
33 42 
21 89 
45 91 
60 40 
93 63 
50 57 
17 96 
59 7 
72 81 
26 37 
41 46 
16 92 
74 42 
23 52 
26 53 
54 67 
49 41 
90 75 
33 7 
12 26 
42 87 
48 45 
69 49 
51 62 
6 41 
83 75 
78 42 
61 48 
72 63 
84 35 


32 
16 44 
57 98 
37 7 
28 28 
49 69 
24 41 
43 66 
12 89 
40 46 
5 65 
38 21 
84 67 
50 14 
16 74 
7 73 
15 89 
17 41 
91 15 
83 91 
72 50 
4 41 
97 68 
15 73 
21 13 
30 41 
25 62 
1 9 
78 25 
7 18 
83 23 
36 76 
28 5 


13 
86 12 
3 71 
9 95 
97 94 
36 76 
81 24 
1 71 
93 81 
56 27 
13 12 
68 5 
7 7 
75 70 


7 
67 31 
83 41 
23 69 
49 53 
61 68 
68 2 
59 89 


90 
9 56 
8 11 
49 49 
65 10 
50 39 
41 94 
5 45 
81 63 
30 77 
15 78 
66 41 
15 57 
4 67 
12 37 
83 2 
99 93 
21 3 
45 92 
0 49 
85 39 
88 82 
50 7 
33 18 
9 25 
63 17 
23 66 
41 39 
13 90 
29 55 
61 81 
79 30 
32 91 
36 27 
22 21 
38 67 
34 12 
77 46 
55 30 
72 2 
24 42 
13 74 
74 16 
28 37 
24 17 
87 18 
44 18 
55 46 
48 35 
86 62 
11 58 
77 66 
41 7 
70 0 
76 11 
54 93 
65 22 
66 13 
88 59 
11 1 
85 97 
30 27 
69 46 
18 20 
97 8 
54 74 
64 55 
67 38 
10 55 
12 68 
12 60 
80 2 
60 59 
19 15 
48 70 
8 96 
27 57 
36 1 
90 13 
80 59 
39 17 
83 94 
82 70 
48 85 
88 68 
71 14 
62 56 
23 85 
21 93 
35 86 
1 47 


26 
16 85 
77 91 
95 77 
51 45 
74 97 
14 44 
7 83 
51 24 
70 95 
19 15 
13 88 
95 0 
91 71 
29 18 
77 42 
75 75 
20 28 
25 68 
53 78 
90 25 
12 31 
9 71 
14 53 
12 51 
28 71 
61 54 


98 
23 98 
75 63 
94 83 
52 35 
34 19 
54 45 
44 2 
19 38 
9 35 
32 45 
58 92 
58 31 
15 50 
95 19 
65 99 
31 39 
88 6 
63 1 
89 91 
97 3 
3 89 
87 46 
63 22 
23 67 
44 85 
7 16 
51 14 
22 55 
56 68 
88 33 
24 51 
46 8 
15 23 
70 38 
68 75 
80 88 
46 45 
58 94 
3 77 
9 88 
93 31 
74 2 
48 47 
53 35 
18 64 
31 13 
84 17 
8 2 
64 8 
56 48 
46 35 
43 13 
62 84 
45 27 
61 41 
32 26 
52 10 
28 42 
47 8 
70 82 
84 17 
50 18 
45 50 
28 6 
67 25 
94 62 
37 74 
85 23 
95 9 
68 37 
6 16 
7 18 
81 35 
81 91 
41 82 
63 76 
67 14 
84 1 
58 8 
88 5 
41 89 
38 58 
83 14 
95 54 
53 16 
83 41 
20 10 
62 13 
0 46 
50 58 
88 20 
84 56 
64 12 
22 32 
76 38 
74 67 
98 26 
36 13 


88 
93 3 
81 17 
29 75 
66 44 
69 19 
43 32 
39 24 
24 74 
59 59 
81 59 
23 62 
97 50 
65 63 
37 45 
90 69 
63 37 
98 52 
43 74 
80 33 
44 29 
9 99 
97 33 
86 88 
68 67 
72 80 
35 95 
97 22 
94 98 
66 47 
2 65 
63 6 
17 51 
98 54 
24 57 
25 33 
49 24 
85 89 
42 43 
43 34 
13 31 
0 45 
72 51 
80 18 
39 35 
58 58 
11 30 
43 13 
2 2 
49 2 
39 19 
19 92 
1 7 
7 89 
18 59 
83 66 
16 42 
56 8 
79 62 
83 82 
8 58 
75 37 
51 79 
49 94 
63 0 
58 47 
33 11 
12 24 
88 18 
13 23 
51 17 
0 5 
75 15 
90 37 
32 79 
24 18 
66 59 
51 47 
29 12 
26 45 
17 77 
68 32 
94 21 
80 55 
14 66 
48 71 
67 63 
64 34 
70 93 


5 
59 75 
39 51 
48 90 
39 7 
91 40 


52 
20 8 
9 50 
17 61 
13 88 
91 85 
27 78 
89 87 
59 38 
14 49 
55 65 
74 49 
50 66 
99 35 
75 49 
80 7 
18 4 
19 56 
78 30 
57 38 
91 10 
70 24 
12 79 
41 94 
30 67 
91 49 
38 75 
96 17 
22 84 
52 48 
30 70 
13 33 
33 45 
46 6 
19 27 
16 33 
66 32 
87 23 
44 16 
10 55 
90 76 
79 13 
97 68 
23 87 
21 75 
72 25 
8 33 
22 7 
80 62 
29 82 
95 48 
41 37 
12 95 


14 
57 2 
32 93 
68 12 
68 90 
87 93 
76 62 
83 57 
57 80 
88 3 
94 96 
42 21 
67 71 
76 20 
34 8 


3 
47 25 
49 70 
43 56 


24 
26 54 
53 20 
88 95 
5 56 
55 95 
74 48 
4 83 
83 40 
65 66 
41 45 
30 37 
7 75 
85 13 
85 57 
65 74 
77 2 
79 92 
98 56 
59 91 
76 62 
34 75 
88 85 
39 6 
75 11 


49 
3 84 
81 93 
49 99 
80 18 
2 45 
43 30 
47 48 
36 40 
65 22 
76 96 
55 45 
27 56 
34 12 
30 74 
39 73 
73 83 
89 43 
62 72 
3 13 
1 22 
93 93 
78 65 
9 21 
97 57 
50 66 
25 88 
80 90 
60 12 
44 61 
17 95 
99 66 
20 58 
55 30 
24 69 
37 91 
80 1 
17 91 
34 47 
45 61 
56 20 
74 50 
11 62 
29 92 
61 42 
44 35 
64 0 
43 84 
92 58 
56 97 


13 
3 79 
24 35 
1 63 
71 22 
63 10 
48 59 
84 71 
6 21 
53 80 
73 44 
90 18 
47 6 
97 65 


77 
53 78 
7 29 
40 41 
53 93 
74 35 
37 75 
16 53 
28 94 
89 84 
33 4 
0 8 
29 75 
70 80 
91 34 
83 11 
64 92 
24 78 
77 93 
25 12 
3 17 
48 79 
24 63 
39 77 
29 40 
27 30 
93 59 
24 36 
50 84 
3 55 
92 50 
52 38 
55 29 
46 17 
46 1 
51 68 
72 66 
32 69 
68 2 
5 26 
98 54 
96 57 
44 25 
37 5 
28 86 
33 98 
42 60 
75 66 
44 50 
48 52 
45 45 
61 29 
62 73 
69 57 
52 91 
86 76 
54 76 
85 43 
64 8 
46 15 
18 19 
62 76 
83 42 
82 56 
1 21 
57 69 
97 91 
55 90 
57 19 
24 58 
8 92 
98 8 
74 65 
46 67 
99 93 
43 88 
10 53 
65 51 


58 
18 21 
89 97 
79 79 
6 32 
53 71 
55 95 
72 87 
10 10 
50 33 
20 17 
25 83 
81 98 
30 43 
63 50 
27 14 
46 36 
9 3 
29 15 
33 63 
67 74 
83 92 
26 51 
88 16 
97 22 
93 45 
36 92 
2 38 
60 84 
96 97 
69 74 
25 83 
18 79 
45 59 
7 35 
59 37 
3 33 
94 38 
39 38 
84 45 
70 91 
47 0 
72 64 
9 6 
62 42 
93 96 
85 35 
47 15 
28 74 
21 19 
90 25 
10 30 
89 35 
98 98 
71 45 
71 83 
45 66 
19 0 
49 87 


73 
35 43 
85 0 
32 44 
76 28 
62 74 
79 61 
98 2 
67 37 
24 61 
79 94 
79 29 
62 80 
7 64 
50 75 
99 7 
6 56 
31 27 
45 20 
7 88 
28 72 
17 62 
30 37 
25 38 
13 63 
96 36 
61 74 
22 25 
5 36 
86 47 
23 94 
43 25 
49 2 
9 2 
85 75 
11 94 
25 94 
23 41 
88 65 
84 95 
85 36 
82 13 
16 73 
85 2 
88 53 
26 68 
73 35 
90 80 
49 92 
64 52 
45 11 
21 96 
13 74 
7 48 
59 30 
88 93 
37 54 
10 98 
79 69 
86 94 
24 33 
62 64 
82 50 
26 80 
64 65 
36 70 
2 10 
30 74 
65 96 
49 34 
41 99 
33 34 
76 58 
81 94 


89 
4 30 
66 89 
89 8 
51 32 
82 17 
81 33 
92 59 
39 2 
2 93 
52 31 
32 98 
94 72 
20 99 
45 50 
45 44 
41 82 
27 39 
75 15 
9 27 
22 44 
81 65 
11 17 
7 4 
59 37 
21 14 
0 82 
51 72 
11 23 
20 62 
90 33 
38 11 
37 98 
2 49 
7 92 
52 96 
99 93 
87 17 
67 67 
72 25 
44 0 
36 40 
17 18 
79 80 
12 42 
94 54 
78 22 
37 46 
13 13 
30 67 
83 98 
70 38 
86 62 
24 64 
7 2 
69 46 
55 86 
32 86 
17 6 
72 62 
84 5 
11 9 
9 65 
22 11 
27 92 
0 96 
79 87 
89 24 
62 59 
89 79 
23 13 
85 96 
48 31 
95 70 
79 42 
5 17 
73 73 
78 25 
2 91 
77 77 
75 41 
64 61 
25 93 
30 22 
36 18 
77 15 
48 77 
67 34 
4 28 
37 83 


19 
43 30 
91 55 
56 47 
99 35 
90 99 
56 22 
25 42 
44 89 
82 1 
7 23 
11 57 
52 72 
8 73 
28 38 
28 69 
99 2 
11 83 
97 67 
51 19 


25 
66 65 
46 29 
12 24 
90 39 
0 39 
57 5 
78 58 
26 48 
60 34 
71 88 
87 11 
77 39 
24 12 
78 76 
39 65 
96 45 
68 2 
69 16 
8 81 
81 70 
39 83 
64 81 
59 10 
41 55 
65 21 


89 
13 87 
61 78 
65 81 
3 21 
83 42 
90 3 
85 80 
98 59 
93 97 
94 75 
3 58 
58 71 
12 81 
3 85 
28 17 
5 94 
49 86 
91 54 
32 37 
82 56 
67 47 
10 57 
55 6 
79 63 
40 75 
69 20 
91 38 
22 99 
31 77 
23 67 
6 44 
41 73 
12 17 
54 87 
35 15 
69 92 
26 78 
21 4 
56 22 
13 74 
26 35 
17 31 
20 75 
20 73 
9 36 
13 40 
68 58 
78 48 
2 37 
49 56 
31 20 
96 62 
11 16 
63 36 
67 96 
89 82 
49 55 
81 17 
95 73 
6 59 
74 47 
21 37 
39 45 
59 78 
37 97 
10 99 
94 97 
4 39 
76 16 
39 71 
32 3 
27 12 
33 96 
20 77 
18 92 
0 84 
67 24 
67 98 
59 37 
77 40 
96 25 
85 38 
4 78 
46 18 
72 66 
43 95 
93 44 
6 32 
24 98 


59 
64 71 
87 9 
11 61 
64 62 
46 10 
29 3 
61 50 
1 30 
11 19 
86 61 
14 72 
88 57 
35 79 
48 80 
29 17 
77 73 
93 56 
9 6 
17 67 
77 87 
27 44 
20 71 
54 68 
14 59 
93 87 
83 23 
11 66 
47 99 
35 3 
52 32 
51 10 
73 69 
55 78 
67 49 
50 30 
28 87 
33 98 
83 13 
69 65 
73 52 
9 16 
11 50 
63 65 
59 73 
23 36 
43 12 
72 87 
66 94 
89 51 
85 85 
41 53 
84 66 
33 63 
41 55 
71 89 
3 37 
34 65 
49 90 
68 33 


30 
1 87 
86 79 
60 3 
11 10 
50 57 
1 61 
2 17 
12 51 
98 51 
47 2 
0 16 
55 9 
97 87 
67 87 
3 82 
90 15 
67 0 
89 10 
69 42 
15 59 
50 53 
7 68 
37 63 
18 94 
53 60 
44 23 
74 16 
56 3 
63 37 
32 11 


45 
56 10 
31 44 
32 72 
60 19 
75 94 
0 24 
69 86 
45 47 
30 46 
28 99 
8 19 
80 72 
58 88 
73 4 
17 66 
69 53 
15 27 
19 48 
23 66 
52 37 
86 16 
5 92 
50 21 
48 48 
41 77 
61 76 
47 90 
45 26 
44 24 
49 99 
52 14 
9 99 
26 1 
20 47 
23 31 
2 64 
50 53 
25 0 
23 53 
57 15 
98 45 
80 93 
92 39 
9 62 
76 88 


27 
46 44 
55 51 
77 30 
86 26 
13 80 
33 20 
97 86 
66 13 
93 30 
78 91 
17 85 
84 20 
40 43 
46 64 
53 99 
33 16 
49 17 
20 58 
4 11 
29 29 
73 88 
41 23 
99 68 
3 54 
75 1 
71 89 
98 93 


22 
32 46 
83 83 
12 76 
10 88 
16 36 
6 81 
38 38 
9 60 
36 59 
93 97 
30 32 
53 51 
62 56 
21 67 
43 42 
28 38 
5 10 
56 66 
75 31 
56 33 
37 89 
55 88 


81 
48 54 
78 27 
78 6 
39 91 
91 36 
1 8 
49 92 
41 23 
72 13 
96 6 
63 73 
59 5 
87 33 
74 90 
91 99 
17 56 
0 44 
12 75 
97 99 
66 44 
89 6 
50 95 
60 14 
17 52 
21 59 
26 62 
12 89 
79 13 
59 16 
47 95 
60 82 
5 49 
52 39 
24 68 
63 87 
2 11 
74 59 
57 90 
77 89 
77 57 
79 76 
76 26 
86 89 
15 92 
76 19 
56 27 
71 88 
26 87 
66 47 
81 43 
42 95 
20 40 
65 29 
99 96 
25 77 
94 24 
35 62 
23 61 
85 9 
6 94 
71 36 
54 38 
73 90 
90 87 
22 14 
17 45 
46 99 
46 51 
76 46 
76 3 
77 40 
18 92 
52 53 
42 22 
67 63 
57 14 
25 31 
30 89 
67 97 
63 97 
72 3 


89 
45 84 
36 31 
76 31 
52 28 
46 89 
48 87 
10 44 
82 53 
24 17 
54 19 
14 57 
9 29 
29 94 
69 11 
75 8 
42 15 
21 77 
12 94 
11 0 
18 70 
17 21 
37 7 
76 24 
41 92 
96 83 
86 20 
61 55 
60 49 
8 20 
20 5 
74 76 
81 74 
27 82 
0 80 
34 72 
9 76 
17 34 
35 18 
1 76 
83 32 
90 89 
82 18 
75 5 
21 45 
10 86 
54 61 
48 96 
32 43 
9 31 
10 44 
34 5 
21 7 
6 97 
75 92 
65 32 
88 99 
36 11 
9 41 
10 42 
98 5 
22 63 
78 88 
11 46 
25 71 
30 49 
0 1 
31 80 
1 1 
15 91 
63 69 
25 75 
18 78 
21 74 
36 88 
17 79 
33 92 
32 30 
19 99 
67 58 
19 88 
29 11 
97 91 
51 11 
59 23 
60 60 
52 70 
99 14 
29 3 
47 19 


3 
80 21 
77 69 
73 73 


38 
37 51 
75 38 
32 95 
29 85 
28 10 
93 71 
54 28 
69 18 
89 42 
66 43 
84 61 
46 93 
72 30 
95 69 
67 63 
93 56 
54 8 
2 86 
59 89 
58 9 
70 37 
76 19 
34 48 
7 74 
46 66 
77 34 
22 51 
7 7 
7 42 
66 63 
80 51 
4 14 
42 38 
92 98 
74 33 
89 64 
31 20 
63 95 


21 
2 91 
13 67 
71 62 
7 51 
99 79 
29 12 
78 92 
89 19 
34 71 
64 26 
55 94 
0 7 
59 15 
33 93 
75 61 
38 57 
88 79 
88 49 
88 55 
44 43 
11 24 


23 
15 45 
93 42 
25 94 
48 23 
71 84 
81 47 
92 60 
54 87 
30 46 
84 5 
45 80 
10 60 
76 5 
8 90 
65 68 
71 47 
35 6 
94 35 
8 16 
64 33 
49 27 
5 25 
3 49 


4 
77 18 
35 7 
26 29 
52 30 


57 
92 50 
67 85 
2 12 
22 47 
54 19 
30 18 
8 79 
10 39 
58 10 
78 38 
64 63 
58 37 
72 23 
51 66 
71 40 
41 81 
72 58 
14 31 
54 98 
72 78 
3 79 
85 87 
30 31 
51 29 
19 35 
84 15 
44 31 
97 86 
30 52 
93 90 
57 80 
13 75 
5 39 
50 42 
92 93 
0 49 
88 82 
90 78 
96 47 
94 17 
35 55 
45 75 
22 0 
82 85 
70 42 
64 83 
68 54 
65 21 
43 31 
16 75 
13 12 
96 51 
82 88 
8 44 
29 53 
25 46 
84 97 


29 
16 18 
33 10 
39 29 
10 24 
61 4 
90 64 
91 58 
85 85 
62 93 
0 27 
68 86 
29 25 
90 44 
79 73 
8 66 
5 87 
61 99 
39 28 
61 43 
10 50 
12 30 
83 18 
77 95 
71 0 
91 29 
41 8 
45 22 
25 95 
23 85 


62 
43 5 
4 60 
3 52 
90 37 
89 63 
49 2 
97 4 
33 95 
18 91 
30 83 
51 49 
21 10 
14 12 
34 12 
43 75 
81 93 
61 63 
50 92 
89 17 
57 62 
64 35 
62 56 
82 40 
47 85 
44 57 
95 5 
39 9 
98 49 
43 58 
6 78 
50 6 
91 15 
60 49 
81 71 
34 93 
98 97 
48 72 
92 51 
90 81 
36 33 
95 86 
23 66 
83 90 
88 6 
42 75 
14 48 
41 47 
50 76 
23 36 
82 65 
83 98 
13 72 
53 88 
8 30 
24 1 
5 51 
41 64 
42 57 
85 66 
47 16 
25 99 
97 25 


52 
13 86 
41 43 
16 14 
62 24 
61 75 
9 5 
14 55 
78 17 
47 28 
94 89 
7 71 
38 49 
63 37 
20 8 
74 19 
91 17 
79 31 
0 86 
64 3 
8 12 
48 30 
89 98 
82 86 
61 76 
61 53 
32 18 
2 45 
33 64 
2 26 
2 12 
32 87 
65 95 
88 15 
20 74 
4 30 
6 71 
2 24 
20 41 
50 23 
27 41 
57 4 
52 67 
17 96 
45 95 
4 38 
43 11 
63 69 
65 8 
83 97 
9 1 
40 16 
22 68 


56 
4 92 
14 44 
0 90 
76 42 
46 26 
32 99 
23 83 
73 55 
88 72 
16 81 
68 28 
46 40 
19 55 
41 45 
66 21 
54 19 
69 52 
32 99 
84 75 
63 26 
22 53 
60 64 
91 81 
61 85 
40 39 
80 3 
63 1 
38 36 
38 45 
7 81 
67 17 
81 33 
74 73 
59 73 
47 17 
33 92 
88 69 
74 7 
70 26 
12 95 
31 9 
73 65 
94 65 
41 82 
43 34 
38 48 
81 51 
75 17 
96 49 
77 2 
0 59 
51 71 
10 97 
18 84 
39 55 
31 79 


74 
67 11 
34 62 
30 81 
46 19 
36 35 
10 5 
55 67 
15 66 
92 18 
40 23 
26 43 
33 34 
80 24 
96 87 
26 75 
61 55 
90 69 
56 92 
73 54 
92 10 
7 89 
26 93 
19 58 
8 43 
48 93 
60 16 
27 63 
52 36 
98 0 
65 97 
14 5 
44 13 
48 69 
78 15 
66 74 
36 80 
69 69 
99 32 
54 39 
32 22 
98 70 
3 36 
5 61 
96 17 
1 49 
60 15 
29 1 
18 39 
4 72 
58 21 
98 0 
25 97 
72 54 
72 63 
51 40 
80 33 
99 1 
54 5 
16 80 
99 90 
81 59 
82 84 
5 52 
5 34 
40 85 
13 63 
61 21 
58 70 
37 31 
44 75 
98 81 
47 94 
76 42 
54 55 


36 
54 3 
86 79 
34 32 
86 53 
87 29 
88 53 
66 21 
67 77 
56 98 
67 40 
99 14 
66 45 
4 51 
87 52 
29 22 
66 47 
3 19 
66 54 
3 50 
11 8 
42 9 
7 37 
98 49 
89 98 
3 3 
66 52 
44 35 
18 41 
93 95 
57 46 
7 75 
68 25 
36 75 
90 71 
77 57 
32 77 


24 
92 57 
40 75 
75 17 
38 67 
84 6 
55 24 
47 19 
63 27 
97 79 
70 0 
32 91 
30 9 
50 41 
13 47 
7 68 
94 34 
48 93 
70 20 
59 34 
76 37 
87 62 
97 29 
79 31 
12 5 


9 
56 96 
60 8 
84 78 
68 17 
90 55 
51 4 
22 89 
59 7 
8 53 


11 
25 87 
37 27 
49 66 
84 4 
24 28 
26 40 
24 18 
34 99 
88 72 
47 58 
7 46 


64 
56 59 
14 28 
10 58 
75 21 
35 37 
16 98 
59 54 
86 92 
37 29 
25 44 
96 0 
70 60 
75 78 
64 57 
72 37 
84 67 
1 71 
39 73 
37 40 
31 71 
95 89 
59 21 
15 25 
60 14 
90 26 
62 75 
67 32 
40 51 
52 7 
93 48 
77 15 
89 97 
65 42 
86 15 
10 28 
99 87 
5 98 
71 44 
43 9 
10 16 
76 55 
60 28 
70 19 
18 68 
86 60 
32 29 
9 90 
65 21 
6 29 
97 24 
96 39 
53 33 
42 18 
2 1 
51 4 
32 28 
20 11 
46 80 
98 26 
19 45 
57 21 
42 97 
42 68 
93 75 


48 
51 74 
74 11 
0 54 
45 62 
12 54 
62 1 
51 42 
76 39 
39 83 
67 42 
77 61 
8 8 
88 26 
4 98 
62 16 
82 99 
82 71 
34 79 
74 5 
73 45 
53 14 
64 35 
67 54 
29 99 
7 70 
19 14 
96 23 
21 7 
49 84 
58 36 
83 17 
72 63 
63 92 
45 21 
20 82 
80 47 
64 56 
20 53 
47 91 
96 33 
7 87 
59 89 
91 63 
83 91 
60 40 
67 85 
77 2 
69 79 


23 
20 87 
12 76 
92 40 
58 86 
15 97 
8 45 
50 97 
55 1 
24 37 
78 67 
94 34 
40 62 
46 41 
93 9 
29 67 
58 34 
7 27 
9 45 
69 55 
18 73 
50 16 
13 26 
45 52 


21 
93 43 
75 44 
15 28 
22 65 
57 86 
8 0 
92 73 
96 0 
7 27 
40 55 
16 7 
69 82 
86 1 
2 60 
66 23 
44 72 
1 97 
61 51 
90 2 
28 34 
23 91 


73 
9 99 
29 19 
30 42 
53 63 
50 17 
66 78 
60 37 
96 24 
10 39 
2 56 
1 6 
5 53 
73 82 
74 84 
42 99 
20 56 
82 45 
8 27 
97 6 
86 24 
36 45 
57 75 
75 85 
7 83 
98 11 
46 91 
73 58 
38 4 
38 23 
18 85 
65 55 
16 86 
1 1 
51 57 
29 48 
3 67 
73 72 
36 55 
67 20 
29 96 
81 13 
20 46 
89 94 
56 53 
21 1 
57 76 
67 0 
16 59 
86 44 
25 46 
24 68 
35 67 
88 26 
76 48 
29 68 
75 78 
16 78 
7 89 
87 50 
91 0 
72 88 
32 43 
75 86 
97 30 
36 50 
36 30 
83 76 
95 10 
8 24 
46 84 
7 88 
5 44 
99 2 


31 
97 52 
0 51 
39 41 
99 30 
53 35 
91 51 
42 18 
12 74 
1 18 
88 72 
94 48 
8 24 
14 46 
37 16 
67 46 
98 18 
36 62 
69 92 
83 21 
81 19 
22 1 
36 76 
82 77 
53 93 
60 32 
16 94 
17 23 
63 29 
50 64 
96 64 
52 4 


38 
14 24 
19 33 
74 2 
63 13 
28 45 
48 20 
5 81 
64 89 
2 56 
89 84 
17 32 
51 26 
81 64 
22 57 
21 14 
24 24 
59 21 
79 40 
25 38 
86 26 
7 14 
37 8 
39 17 
50 66 
44 35 
52 46 
56 0 
62 87 
33 56 
94 3 
8 56 
85 87 
75 43 
39 32 
75 63 
3 1 
11 38 
58 2 


96 
20 1 
66 2 
54 17 
63 15 
90 39 
59 39 
53 75 
51 73 
12 20 
49 92 
97 15 
52 67 
15 84 
91 44 
85 23 
77 55 
35 73 
15 73 
74 59 
5 91 
48 21 
58 1 
30 73 
90 40 
17 45 
35 21 
30 17 
42 91 
94 32 
29 38 
76 33 
51 0 
28 58 
88 8 
5 29 
99 15 
69 56 
66 43 
99 53 
99 80 
94 97 
68 18 
11 34 
58 94 
45 89 
34 25 
45 45 
80 22 
42 29 
1 97 
62 86 
36 87 
58 64 
56 33 
61 38 
89 65 
39 86 
99 50 
75 54 
41 2 
27 38 
42 7 
35 25 
68 8 
0 10 
75 30 
62 54 
2 29 
61 94 
68 52 
91 44 
1 22 
46 62 
80 51 
76 92 
59 44 
93 66 
87 99 
66 43 
94 3 
7 83 
13 11 
48 29 
80 45 
24 7 
34 67 
33 55 
41 0 
10 73 
3 12 
60 7 
58 39 
26 41 
71 45 
25 43 
41 67 


42 
57 78 
37 86 
78 16 
92 12 
76 1 
91 2 
29 87 
5 29 
56 87 
46 2 
57 31 
51 16 
25 67 
15 48 
87 70 
59 15 
15 40 
58 34 
99 62 
64 30 
63 83 
71 4 
45 68 
94 79 
90 64 
91 25 
1 84 
10 5 
79 30 
79 83 
68 76 
27 33 
87 91 
93 61 
93 6 
32 30 
97 21 
84 43 
22 98 
96 11 
88 1 
85 65 


72 
79 37 
97 96 
61 39 
37 70 
40 63 
46 99 
9 92 
72 30 
23 94 
62 21 
57 51 
25 65 
67 13 
68 69 
94 56 
47 40 
39 60 
71 14 
84 58 
98 41 
82 60 
15 69 
61 93 
71 0 
66 40 
54 22 
70 24 
8 31 
96 84 
75 55 
58 77 
59 63 
42 96 
99 84 
43 41 
46 96 
36 30 
75 99 
80 84 
95 23 
93 57 
21 77 
21 12 
76 82 
44 79 
19 35 
88 67 
11 31 
30 31 
19 46 
3 66 
47 43 
61 86 
63 29 
45 26 
39 28 
63 85 
77 45 
46 97 
55 88 
29 6 
30 31 
90 47 
93 70 
49 69 
51 95 
29 70 
7 33 
52 39 
9 89 
80 24 
83 59 


69 
92 40 
20 38 
73 45 
91 98 
58 85 
98 16 
8 73 
45 29 
14 53 
30 65 
88 17 
78 86 
36 91 
81 85 
61 64 
34 42 
51 31 
4 48 
26 87 
96 60 
68 98 
0 29 
61 57 
0 52 
84 56 
7 41 
99 29 
92 2 
84 50 
89 4 
8 2 
30 83 
56 15 
96 31 
57 20 
96 10 
80 42 
84 70 
32 64 
21 46 
75 48 
0 98 
57 32 
44 95 
11 75 
83 52 
61 38 
55 76 
24 87 
48 96 
52 12 
73 12 
52 43 
63 95 
6 29 
45 72 
5 0 
5 10 
99 67 
94 4 
39 54 
29 31 
20 50 
71 80 
1 46 
80 28 
96 76 
79 12 
58 21 


77 
60 74 
81 85 
79 9 
15 46 
23 20 
16 29 
33 91 
34 92 
43 49 
89 47 
17 97 
19 77 
46 7 
33 85 
67 72 
30 59 
87 78 
9 74 
72 11 
43 2 
24 98 
46 3 
9 13 
7 74 
27 10 
32 50 
82 83 
27 97 
73 97 
37 39 
16 76 
42 9 
96 33 
61 49 
32 22 
46 71 
49 48 
45 95 
28 36 
13 98 
53 1 
74 68 
83 75 
22 5 
0 64 
84 37 
81 49 
34 57 
15 69 
67 85 
27 97 
94 37 
17 5 
53 6 
44 0 
27 67 
71 67 
35 34 
7 10 
74 33 
97 51 
96 22 
22 88 
24 5 
52 38 
69 37 
66 39 
50 50 
91 91 
50 33 
45 20 
0 49 
48 5 
28 21 
88 75 
97 49 
32 19 


96 
20 60 
47 37 
58 54 
87 60 
18 63 
96 85 
4 94 
52 19 
8 37 
91 21 
8 96 
36 56 
73 68 
12 86 
23 90 
0 49 
43 96 
85 36 
22 26 
35 13 
48 23 
83 27 
84 5 
52 15 
32 6 
35 94 
82 19 
7 72 
70 50 
82 59 
70 83 
88 66 
5 70 
68 66 
74 86 
17 93 
93 26 
56 12 
57 41 
42 29 
34 32 
80 62 
84 30 
20 30 
96 25 
83 70 
35 36 
40 48 
8 84 
83 13 
91 70 
80 99 
68 5 
41 28 
15 76 
25 64 
76 34 
27 37 
71 42 
30 34 
59 69 
0 74 
5 55 
62 22 
25 3 
58 84 
91 80 
63 16 
98 72 
67 92 
59 0 
61 93 
0 30 
92 85 
54 13 
73 80 
46 22 
69 95 
97 45 
3 99 
26 72 
28 89 
29 91 
76 98 
5 91 
65 29 
61 4 
32 83 
89 67 
39 96 
86 32 
72 37 
13 34 
93 56 
45 52 
86 34 


62 
10 84 
57 83 
46 37 
61 76 
81 1 
28 19 
51 70 
35 29 
21 68 
29 59 
82 86 
89 94 
89 19 
45 91 
24 74 
71 43 
2 94 
54 79 
64 73 
39 9 
89 2 
74 64 
4 86 
30 99 
2 22 
26 70 
42 30 
87 49 
47 56 
24 74 
33 6 
33 13 
10 46 
46 6 
88 96 
69 36 
65 46 
99 29 
34 84 
75 77 
17 17 
25 25 
28 36 
71 87 
28 19 
7 52 
63 4 
23 69 
93 88 
29 61 
92 62 
92 74 
28 81 
48 60 
18 1 
97 62 
25 10 
20 85 
15 64 
25 42 
36 52 
75 15 


71 
98 9 
38 42 
38 23 
76 87 
34 51 
38 72 
31 99 
44 4 
30 98 
35 35 
74 10 
10 45 
22 6 
47 13 
32 98 
53 57 
31 30 
60 59 
62 5 
42 31 
53 42 
79 88 
93 26 
32 69 
69 66 
33 27 
92 23 
49 76 
38 28 
54 27 
0 83 
79 54 
29 18 
41 67 
46 12 
59 26 
96 24 
37 54 
58 88 
84 98 
34 60 
19 7 
44 60 
63 52 
32 46 
78 14 
3 66 
30 33 
7 97 
77 20 
46 89 
53 24 
96 78 
89 49 
11 11 
24 80 
52 52 
20 79 
1 63 
22 92 
33 85 
94 98 
32 88 
29 55 
3 67 
39 2 
24 50 
66 89 
2 69 
88 55 
47 48 


94 
29 43 
83 65 
69 95 
19 1 
37 56 
85 25 
99 46 
57 89 
58 82 
64 93 
1 54 
73 50 
88 2 
53 32 
82 77 
7 27 
47 24 
40 40 
87 90 
19 27 
63 87 
82 41 
34 61 
47 85 
50 22 
25 67 
52 28 
28 1 
26 19 
1 22 
67 58 
2 72 
83 47 
27 66 
24 51 
42 48 
10 47 
77 18 
81 4 
13 48 
18 37 
75 70 
88 31 
89 95 
87 32 
27 80 
63 38 
62 89 
21 34 
18 10 
15 28 
34 29 
88 78 
35 59 
94 10 
49 80 
30 79 
3 88 
35 16 
11 67 
97 26 
23 73 
66 61 
56 76 
96 83 
19 39 
39 84 
83 65 
85 82 
2 3 
20 80 
32 61 
37 38 
75 38 
44 38 
58 88 
81 92 
3 57 
79 55 
70 27 
8 60 
95 99 
46 34 
11 26 
72 1 
91 66 
4 58 
59 72 
75 9 
7 13 
78 14 
88 48 
64 50 
62 79 


40 
70 95 
65 38 
58 34 
75 15 
47 32 
17 47 
67 73 
61 99 
81 77 
44 51 
24 45 
18 47 
38 80 
75 20 
6 86 
39 66 
91 49 
34 95 
11 1 
51 18 
93 31 
39 96 
8 77 
13 91 
54 89 
66 20 
60 25 
75 64 
50 64 
39 62 
6 90 
14 23 
45 41 
65 37 
5 69 
24 47 
49 58 
50 98 
60 7 
91 16 


83 
18 55 
13 52 
12 5 
67 84 
34 5 
87 87 
47 97 
83 13 
44 23 
92 34 
68 74 
67 53 
98 50 
20 96 
43 4 
15 6 
3 28 
0 54 
57 86 
76 51 
28 19 
44 47 
43 95 
18 12 
77 9 
71 90 
68 15 
44 54 
0 73 
42 66 
35 75 
33 39 
2 73 
77 91 
77 97 
95 77 
67 49 
65 27 
23 71 
6 11 
55 5 
28 82 
78 74 
40 23 
18 13 
18 21 
29 12 
82 66 
80 28 
40 42 
27 72 
96 54 
95 32 
52 14 
96 5 
56 1 
56 39 
50 76 
91 33 
46 34 
75 49 
57 53 
22 79 
19 48 
76 25 
70 67 
98 10 
78 54 
50 59 
33 77 
28 42 
99 79 
96 98 
77 75 
40 20 
88 65 
7 65 
22 97 
17 15 
33 16 
87 55 
23 54 
95 35 


6 
68 19 
31 3 
21 35 
13 6 
85 21 
43 89 


78 
53 86 
53 25 
19 96 
68 43 
26 48 
3 39 
59 43 
23 75 
70 35 
65 13 
65 20 
47 17 
8 97 
61 46 
23 66 
26 80 
16 85 
41 4 
90 5 
60 80 
63 88 
69 85 
16 44 
93 31 
58 19 
27 57 
59 15 
82 47 
6 32 
45 68 
13 98 
99 66 
69 21 
76 60 
25 32 
98 29 
71 97 
41 94 
56 92 
9 85 
48 67 
35 6 
28 88 
82 83 
82 60 
19 61 
58 82 
20 52 
12 16 
74 66 
32 18 
53 89 
22 57 
74 78 
99 29 
77 63 
64 46 
13 22 
79 66 
90 26 
48 22 
10 71 
95 90 
4 90 
97 36 
71 82 
14 8 
86 77 
33 65 
55 85 
70 96 
48 68 
32 54 
92 55 
50 57 
36 68 
6 57 
56 15 


85 
26 4 
0 79 
4 24 
65 62 
16 1 
89 15 
95 65 
2 68 
87 72 
88 61 
75 84 
8 53 
82 74 
50 44 
67 3 
56 96 
55 71 
77 31 
29 25 
82 31 
19 37 
97 57 
32 0 
36 56 
73 95 
53 59 
93 32 
82 29 
83 80 
14 58 
60 10 
50 88 
59 76 
61 44 
77 22 
20 12 
84 77 
89 85 
21 20 
90 94 
75 95 
57 6 
2 11 
14 34 
9 53 
71 55 
13 13 
51 17 
99 99 
39 85 
31 35 
47 91 
82 57 
57 17 
68 67 
18 83 
62 37 
22 89 
8 61 
75 51 
99 44 
13 58 
57 3 
65 65 
63 2 
52 30 
69 51 
31 83 
75 24 
12 22 
53 94 
59 80 
51 67 
14 4 
6 46 
9 73 
40 67 
23 90 
0 77 
37 31 
70 87 
15 16 
82 8 
62 30 
38 49 


53 
41 32 
74 52 
56 14 
54 24 
66 10 
57 49 
94 42 
13 11 
73 52 
8 4 
53 10 
20 78 
41 48 
27 30 
48 69 
11 61 
0 45 
14 43 
74 64 
91 71 
7 50 
98 35 
91 27 
83 74 
95 31 
14 21 
62 57 
66 99 
13 2 
12 95 
62 9 
44 40 
86 72 
83 69 
27 98 
59 41 
16 54 
67 63 
86 90 
77 69 
44 27 
53 91 
22 3 
0 25 
79 22 
8 80 
99 92 
95 6 
81 66 
39 65 
95 59 
76 46 
59 1 


5 
85 7 
56 75 
31 98 
50 6 
5 83 


31 
31 87 
63 39 
11 76 
87 28 
31 34 
80 40 
95 44 
13 17 
64 88 
77 95 
6 93 
84 48 
22 79 
95 89 
69 47 
71 35 
51 20 
67 85 
54 20 
60 99 
7 30 
99 84 
84 91 
55 30 
35 2 
7 4 
6 42 
53 94 
62 84 
89 23 
75 79 


80 
78 18 
78 77 
34 30 
37 22 
3 74 
60 39 
78 11 
15 21 
57 53 
23 90 
87 51 
62 3 
60 6 
43 84 
93 40 
30 65 
71 78 
57 96 
20 43 
15 9 
29 59 
23 92 
37 35 
4 79 
64 50 
71 87 
46 89 
18 70 
98 56 
11 15 
55 34 
25 98 
72 84 
11 11 
46 85 
0 77 
25 51 
96 35 
52 70 
1 53 
58 18 
96 19 
75 12 
70 17 
64 77 
57 91 
6 96 
85 76 
55 43 
42 72 
36 41 
58 2 
51 57 
73 36 
30 27 
38 39 
51 63 
94 72 
78 37 
44 11 
41 79 
61 42 
58 59 
8 71 
31 34 
97 77 
84 74 
23 51 
95 60 
16 50 
95 39 
55 97 
51 16 
44 57 
10 67 
31 56 
33 94 
26 79 
44 7 
18 85 


56 
23 37 
2 3 
0 60 
12 83 
65 91 
52 31 
21 63 
76 45 
95 17 
92 98 
48 95 
11 73 
81 92 
62 8 
73 94 
2 16 
70 80 
33 45 
80 12 
60 72 
41 89 
81 5 
53 94 
31 47 
82 38 
85 54 
81 65 
57 5 
85 22 
6 96 
77 57 
20 29 
63 9 
50 16 
12 64 
20 94 
36 32 
75 69 
95 80 
76 16 
29 14 
99 75 
87 71 
83 76 
48 93 
33 19 
44 78 
77 71 
35 5 
17 87 
25 27 
78 54 
51 45 
74 19 
61 72 
77 94 


88 
36 22 
82 96 
91 93 
55 82 
64 91 
47 47 
65 61 
11 79 
28 68 
78 32 
3 35 
44 49 
10 83 
51 49 
30 18 
33 67 
75 98 
30 75 
51 66 
44 65 
75 21 
75 5 
74 25 
5 14 
46 74 
14 77 
74 42 
18 93 
37 47 
22 33 
31 5 
18 39 
91 63 
30 21 
60 46 
96 85 
23 35 
7 42 
74 84 
68 45 
18 53 
8 36 
27 76 
75 61 
14 43 
44 70 
73 52 
33 9 
5 49 
3 98 
44 66 
0 61 
68 96 
9 0 
92 45 
41 70 
61 22 
59 94 
55 53 
87 58 
21 87 
28 43 
16 37 
16 23 
86 81 
40 35 
28 64 
26 69 
33 40 
86 95 
21 77 
94 80 
63 40 
1 41 
69 33 
73 53 
99 99 
8 17 
31 90 
82 13 
86 7 
83 76 
42 23 
76 19 
47 63 
3 56 
87 62 
73 99 


100
36 52 2

51 68 16

24 73 11

16 77 16

79 38 15

71 64 1

2 69 13

29 10 11

66 51 6

26 38 18

17 79 14

58 71 5

53 3 8

52 55 13

67 45 10

58 11 5

38 79 8

75 67 9

55 72 3

48 21 13

46 9 13

55 24 7

57 29 17

47 9 7

15 65 1

7 77 18

22 32 12

8 19 9

22 70 2

65 11 9

14 46 6

14 53 9

22 12 1

45 33 5

37 20 6

47 70 7

2 33 17

66 27 5

15 48 4

45 79 3

41 64 1

5 76 5

38 42 12

16 3 7

45 13 11

77 26 15

16 9 19

74 54 9

11 37 14

76 2 19

54 25 12

20 29 13

59 11 2

65 14 1

49 34 18

61 28 10

11 35 13

4 53 19

49 23 19

0 10 19

16 10 6

23 60 6

72 34 8

57 47 2

55 71 15

17 26 5

25 79 10

60 62 19

59 77 9

43 15 8

14 2 13

21 48 13

4 56 16

39 3 17

6 18 14

60 31 19

41 13 12

16 9 13

64 11 8

55 45 19

12 29 14

76 63 4

44 79 9

7 40 10

14 54 8

33 60 10

31 11 3

8 73 5

17 9 9

38 78 12

58 10 2

64 0 3

12 33 4

56 19 14

10 48 7

13 63 15

40 39 7

44 66 16

39 65 13

44 27 6

